Dataset Not Scaled

[[ 2383  3870   686]
 [  691 10134   403]
 [ 1107  4382  1771]]
             precision    recall  f1-score   support

        1.0     0.5700    0.3434    0.4286      6939
        2.0     0.5512    0.9026    0.6844     11228
        3.0     0.6192    0.2439    0.3500      7260

avg / total     0.5757    0.5619    0.5191     25427


############
############


Dataset Scaled

[[3916 2057  955]
 [2585 2550 1906]
 [2965 1196 2791]]
             precision    recall  f1-score   support

        1.0     0.4137    0.5652    0.4777      6928
        2.0     0.4394    0.3622    0.3971      7041
        3.0     0.4938    0.4015    0.4429      6952

avg / total     0.4490    0.4425    0.4390     20921

