Dataset Not Scaled

[[2951 2596 1466]
 [ 939 8158 2225]
 [1019 1277 4796]]
             precision    recall  f1-score   support

        1.0     0.6011    0.4208    0.4951      7013
        2.0     0.6781    0.7205    0.6987     11322
        3.0     0.5651    0.6763    0.6157      7092

avg / total     0.6253    0.6255    0.6194     25427


############
############


Dataset Scaled

[[3779 1427 1813]
 [ 781 4573 1667]
 [1150  882 4849]]
             precision    recall  f1-score   support

        1.0     0.6618    0.5384    0.5938      7019
        2.0     0.6645    0.6513    0.6578      7021
        3.0     0.5822    0.7047    0.6376      6881

avg / total     0.6365    0.6310    0.6297     20921



