Dataset not Scaled

[[ 7009    45     1]
 [   70 11080    23]
 [    5    27  7167]]
             precision    recall  f1-score   support

        1.0     0.9894    0.9935    0.9914      7055
        2.0     0.9935    0.9917    0.9926     11173
        3.0     0.9967    0.9956    0.9961      7199

avg / total     0.9933    0.9933    0.9933     25427


############
############

Dataset Scaled

[[6978    6    4]
 [ 112 6820   40]
 [   2    0 6959]]
             precision    recall  f1-score   support

        1.0     0.9839    0.9986    0.9912      6988
        2.0     0.9991    0.9782    0.9885      6972
        3.0     0.9937    0.9997    0.9967      6961

avg / total     0.9922    0.9922    0.9921     20921
