Dataset Not Scaled

[[ 5935   579   506]
 [  342 10519   399]
 [  114   376  6657]]
             precision    recall  f1-score   support

        1.0     0.9286    0.8454    0.8851      7020
        2.0     0.9168    0.9342    0.9254     11260
        3.0     0.8803    0.9314    0.9052      7147

avg / total     0.9098    0.9089    0.9086     25427


############
############


[[5984  402  532]
 [ 342 6276  332]
 [ 137  339 6577]]
             precision    recall  f1-score   support

        1.0     0.9259    0.8650    0.8944      6918
        2.0     0.8944    0.9030    0.8987      6950
        3.0     0.8839    0.9325    0.9075      7053

avg / total     0.9013    0.9004    0.9003     20921

